TRFO L1-1 L1 1 L1 0. 10. 0. 96.56250 750.0  90.0 120. 33.0 0.01 1.0 1 ;
TRFO L2-2 L2 2 L2 0. 10. 0. 94.68750 950.0  90.0 120. 33.0 0.01 1.0 1 ;
TRFO L3-3 L3 3 L3 0. 10. 0. 95.62500 900.0  90.0 120. 33.0 0.01 1.0 1 ;
TRFO L4-4 L4 4 L4 0. 10. 0. 94.68750 2250.  90.0 120. 33.0 0.01 1.0 1 ;
TRFO L5-5 L5 5 L5 0. 10. 0. 96.56250 800.0  90.0 120. 33.0 0.01 1.0 1 ;
TRFO L6-6 L6 6 L6 0. 10. 0. 94.68750 2150.  90.0 120. 33.0 0.01 1.0 1 ;
TRFO L7-7 L7 7 L7 0. 10. 0. 95.62500 1250.  90.0 120. 33.0 0.01 1.0 1 ;
TRFO L8-8 L8 8 L8 0. 10. 0. 96.56250 175.0  90.0 120. 33.0 0.01 1.0 1 ;
TRFO L9-9 L9 9 L9 0. 10. 0. 92.81250 325.0  90.0 120. 33.0 0.01 1.0 1 ;
TRFO L10-10 L10 10 L10 0. 10. 0. 96.56250 4000. 90.0 120. 33.0 0.01 1.0 1 ;
TRFO L11-11 L11 11 L11 0. 10. 0. 94.68750 5500. 90.0 120. 33.0 0.01 1.0 1 ;
TRFO L12-12 L12 12 L12 0. 10. 0. 94.68750 2300. 90.0 120. 33.0 0.01 1.0 1 ;
TRFO L13-13 L13 13 L13 0. 10. 0. 93.75000 4000. 90.0 120. 33.0 0.01 1.0 1 ;
TRFO L14-14 L14 14 L14 0. 10. 0. 93.75000 2900. 90.0 120. 33.0 0.01 1.0 1 ;
TRFO L15-15 L15 15 L15 0. 10. 0. 94.68750 4500. 90.0 120. 33.0 0.01 1.0 1 ;
TRFO L16-16 L16 16 L16 0. 10. 0. 91.87500 5100. 90.0 120. 33.0 0.01 1.0 1 ;
TRFO L17-17 L17 17 L17 0. 10. 0. 93.75000 2000. 90.0 120. 33.0 0.01 1.0 1 ;
TRFO L18-18 L18 18 L18 0. 10. 0. 94.68750 9000.  90.0 120. 33.0 0.01 1.0 1 ;
TRFO L19-19 L19 19 L19 0. 10. 0. 92.81250 3750. 90.0 120. 33.0 0.01 1.0 1 ;
TRFO L20-20 L20 20 L20 0. 10. 0. 93.75000 1800. 90.0 120. 33.0 0.01 1.0 1 ;
TRFO L21-21 L21 21 L21 0. 10. 0. 91.87500 1500. 90.0 120. 33.0 0.01 1.0 1 ;
TRFO L22-22 L22 22 L22 0. 10. 0. 92.81250 3300. 90.0 120. 33.0 0.01 1.0 1 ;
TRFO L23-23 L23 23 L23 0. 10. 0. 94.68750 8000.  90.0 120. 33.0 0.01 1.0 1 ;
TRFO L24-24 L24 24 L24 0. 10. 0. 93.75000 2300. 90.0 120. 33.0 0.01 1.0 1 ;
TRFO L25-25 L25 25 L25 0. 10. 0. 92.81250 15500. 90.0 120. 33.0 0.01 1.0 1 ;
TRFO L26-26 L26 26 L26 0. 10. 0. 93.75000 2800. 90.0 120. 33.0 0.01 1.0 1 ;
#TRFO L26IC-26 L26IC 26 L26IC 0. 10. 0. 97.50000 1400. 90.0 120. 33.0 0.01 1.0 1 ;
TRFO L27-27 L27 27 L27 0. 10. 0. 93.75000 800.0 90.0 120. 33.0 0.01 1.0 1 ;
#TRFO L27IC-27 L27IC 27 L27IC 0. 10. 0. 93.75000 2800. 90.0 120. 33.0 0.01 1.0 1 ;
TRFO L28-28 L28 28 L28 0. 10. 0. 95.62500 4200. 90.0 120. 33.0 0.01 1.0 1 ;
TRFO L29-29 L29 29 L29 0. 10. 0. 98.43750 3800. 90.0 120. 33.0 0.01 1.0 1 ;

#SVC SVC2 2 2 1.000000 3.169282 225. 225. -75. 1. 1 ;
#SVC SVC9 9 9 0. -142.7600 334.06 334.06 -142.76 1. 1 ;
#SVC SVC18 18 18 1.000000 21.67572 1068.69 1068.69 -358.27 1. 1 ;
#SVC SVC21 21 21 1.000000 11.20667 341.02 341.02 -141.28 1. 1 ;
#SVC SVC22 22 22 1.000000 12.09994 391.15 391.15 -60. 1. 1 ;
#SVC SVC23 23 23 1.000000 5.705192 240. 240. 0.00 1. 1 ;
#SVC SVC25 25 25 1.000000 29.72175 694.06 694.06 -337.12 1. 1 ;
#SVC SVC27 27 27 1.000000 8.241841 319.28 319.28 -283.6 1. 1 ;
#SVC SVC28 28 28 1.000000 6.729411 341.02 341.02 -203.18 1. 1 ;
#SVC SVC29 29 29 1.000000 0.6123395 862.04 862.04 -312.56 1. 1 ;

# CODE            TYPE            NOM             BARRE           FP              FQ              
#  INJEC           SVC_HQ_GENERIC1 ST803           803             0.0             0.0             
# P               Q               G1              T1              A               K1              
#  0.0             75.0            0.0             0.0161          1.2             1.0             
# L1              G2              T2              B               K2              L2              
#  0.6             0.0             0.2642          1.2             1.0             0.6             
# LTOT            KP              KI              BP              BMAX            BMIN            
#  0.15            0.0             100.0           0.03            1.0000          -0.5000         
# BNOM            FIN             
#  250.0           ;               

  INJEC SVC_HQ_GENERIC1 SVC2    2       0.0 0.0                         
  0.0   3.169282    0.0 0.0161  1.2 1.0                          
  0.6   0.0 0.2642  1.2 1.0 0.6             
  0.15  0.0 100.0   0.03    1.0000  -0.5000   
  250.0 ;
  
  INJEC SVC_HQ_GENERIC1 SVC9    9       0.0 0.0                         
  0.0   -142.7600   0.0 0.0161  1.2 1.0                          
  0.6   0.0 0.2642  1.2 1.0 0.6             
  0.15  0.0 100.0   0.03    1.0000  -1.0000   
  250.0 ;
  
  INJEC SVC_HQ_GENERIC1 SVC18    18      0.0 0.0                          
  0.0   21.68872   0.0 0.0161  1.2 1.0                          
  0.6   0.0 0.2642  1.2 1.0 0.6             
  0.15  0.0 100.0   0.03    1.0000  -0.5000   
  250.0 ;
#21.67572
    
  INJEC SVC_HQ_GENERIC1 SVC21    21       0.0 0.0                         
  0.0   11.20667   0.0 0.0161  1.2 1.0                          
  0.6   0.0 0.2642  1.2 1.0 0.6             
  0.15  0.0 100.0   0.03    1.0000  -0.5000   
  250.0 ;
  
  INJEC SVC_HQ_GENERIC1 SVC22    22       0.0 0.0                         
  0.0   12.09994   0.0 0.0161  1.2 1.0                          
  0.6   0.0 0.2642  1.2 1.0 0.6             
  0.15  0.0 100.0   0.03    1.0000  -0.5000   
  250.0 ;
  
  INJEC SVC_HQ_GENERIC1 SVC23    23       0.0 0.0                         
  0.0   5.71619   0.0 0.0161  1.2 1.0                          
  0.6   0.0 0.2642  1.2 1.0 0.6             
  0.15  0.0 100.0   0.03    1.0000  -0.5000   
  250.0 ;
#5.705192
  
  INJEC SVC_HQ_GENERIC1 SVC25    25       0.0 0.0                         
  0.0   29.72175   0.0 0.0161  1.2 1.0                          
  0.6   0.0 0.2642  1.2 1.0 0.6             
  0.15  0.0 100.0   0.03    1.0000  -0.5000   
  250.0 ;
  
  INJEC SVC_HQ_GENERIC1 SVC27    27       0.0 0.0                         
  0.0   8.241841   0.0 0.0161  1.2 1.0                          
  0.6   0.0 0.2642  1.2 1.0 0.6             
  0.15  0.0 100.0   0.03    1.0000  -0.5000   
  250.0 ;
  
  INJEC SVC_HQ_GENERIC1 SVC28    28       0.0 0.0                         
  0.0   6.729411   0.0 0.0161  1.2 1.0                          
  0.6   0.0 0.2642  1.2 1.0 0.6             
  0.15  0.0 100.0   0.03    1.0000  -0.5000   
  250.0 ;
  
  INJEC SVC_HQ_GENERIC1 SVC29    29       0.0 0.0                         
  0.0   0.6123395   0.0 0.0161  1.2 1.0                          
  0.6   0.0 0.2642  1.2 1.0 0.6             
  0.15  0.0 100.0   0.03    1.0000  -0.5000   
  250.0 ;
  
LFRESV G1 1.000000 0.8541263 ;
LFRESV G2 1.000000 0.8371449 ;
LFRESV G3 1.000000 0.7098953 ;
LFRESV G4 1.000000 0.5940804 ;
LFRESV G5 1.000000 0.5263796 ;
LFRESV G6 1.000000 0.4646945 ;
LFRESV G7 1.000000 0.5482693 ;
LFRESV G10 1.000000 0.3918218 ;
LFRESV G11 1.000000 0.2693170 ;
LFRESV G12 1.000000 0.2384517 ;
LFRESV G15 1.000000 0.3182002 ;
LFRESV G16 1.000000 0.2960159 ;
LFRESV G17 1.000000 0.1494025 ;
LFRESV G18 1.000000 0.1375658 ;
LFRESV G19 1.000000 0.1303966 ;
LFRESV G20 1.000000 5.6383248E-02 ;
LFRESV G21 1.000000 6.2037051E-02 ;
LFRESV G22 1.000000 5.6216929E-02 ;
LFRESV G23 1.000000 4.0335320E-02 ;
LFRESV G25 1.000000 -1.4110911E-02 ;
LFRESV G26 1.000000 4.1474547E-02 ;
LFRESV G27 1.000000 0. ;
LFRESV G28 1.000000 -1.6546221E-02 ;
LFRESV G29 1.000000 -2.3518996E-02 ;
LFRESV 1 0.9913961 0.7813077 ;
LFRESV 2 0.9854966 0.7658287 ;
LFRESV 3 0.9779077 0.6404812 ;
LFRESV 4 0.9830602 0.5241036 ;
LFRESV 5 0.9869798 0.4565076 ;
LFRESV 6 0.9803741 0.3962999 ;
LFRESV 7 0.9920885 0.4770601 ;
LFRESV 8 0.9883691 0.4760254 ;
LFRESV 9 0.9803213 0.3239440 ;
LFRESV 10 0.9854488 0.3202960 ;
LFRESV 11 0.9783573 0.1994508 ;
LFRESV 12 0.9821350 0.1672668 ;
LFRESV 13 0.9696780 0.1425911 ;
LFRESV 14 0.9689121 0.2138686 ;
LFRESV 15 0.9788200 0.2466267 ;
LFRESV 16 0.9745468 0.2245622 ;
LFRESV 17 0.9769431 7.9602189E-02 ;
LFRESV 18 0.9788305 6.7035042E-02 ;
LFRESV 19 0.9660941 6.0314950E-02 ;
LFRESV 20 0.9722641 -1.1551783E-02 ;
LFRESV 21 0.9646876 -1.3864525E-03 ;
LFRESV 22 0.9669119 -1.3000484E-02 ;
LFRESV 23 0.9749925 -2.8242862E-02 ;
LFRESV 24 0.9668575 -4.2799186E-02 ;
LFRESV 25 0.9528326 -7.9340793E-02 ;
LFRESV 26 0.9750561 -2.7944990E-02 ;
LFRESV 27 0.9727178 -6.8749100E-02 ;
LFRESV 28 0.9794291 -8.8311389E-02 ;
LFRESV 29 0.9992885 -9.6218035E-02 ;
LFRESV L1 0.9961026 0.7173802 ;
LFRESV L2 0.9984771 0.7107993 ;
LFRESV L3 0.9950029 0.5750260 ;
LFRESV L4 0.9990992 0.4672019 ;
LFRESV L5 0.9913675 0.3940713 ;
LFRESV 5IC 0.9913675 0.3940713 ;
LFRESV L6 0.9985696 0.3376306 ;
LFRESV L7 0.9995801 0.4189391 ;
LFRESV L8 0.9996425 0.4097973 ;
LFRESV L9 0.9996130 0.2846210 ;
LFRESV L10 0.9910442 0.2567515 ;
LFRESV L11 0.9950588 0.1390511 ;
LFRESV L12 0.9905508 0.1160830 ;
LFRESV 12IC 0.9821350 0.1672668 ;
LFRESV L13 0.9985097 8.0946617E-02 ;
LFRESV L14 0.9983125 0.1522175 ;
LFRESV L15 0.9929726 0.1888130 ;
LFRESV L16 0.9970981 0.1931984 ;
LFRESV L17 0.9968744 2.6849402E-02 ;
LFRESV L18 0.9945526 8.2367789E-03 ;
LFRESV L19 0.9963472 7.1652345E-03 ;
LFRESV L20 0.9950478 -6.7643568E-02 ;
LFRESV L21 0.9958945 -4.7241490E-02 ;
LFRESV L22 0.9982815 -6.7275368E-02 ;
LFRESV L23 0.9912443 -8.6832970E-02 ;
LFRESV L24 0.9939015 -0.1032332 ;
LFRESV L25 0.9919512 -0.1414966 ;
LFRESV L26 0.9906887 -7.8225248E-02 ;
LFRESV 26IC 0.9987522 -0.1011187 ;
LFRESV L27 0.9918581 -0.1249919 ;
LFRESV 27IC 0.9962111 -0.1239915 ;
LFRESV 27IC2 0.9727178 -6.8749100E-02 ;
LFRESV L28 0.9959357 -0.1528237 ;
LFRESV L29 0.9918986 -0.1642732 ;

